D=47099
K=41
N=7160
nSeq=121
i=0, infea=0.0122995, Acc=0.961173
