Loading already built ocr.mat file...
successfully loaded ocr2 dataset.

numNodes =

   528

running SSG on 73 examples. The options are as follows:

options = 

               num_passes: 1
    do_weighted_averaging: 1
              time_budget: Inf
                    debug: 1
                rand_seed: 1
                   sample: 'perm'
         debug_multiplier: 100
                   lambda: 13.6986
                test_data: []
            gap_threshold: 0.1000
           do_line_search: 1


i =

    69


ans =

    20    25    25    11     4    12     4    13    19


ystar_i =

     0     0     0     0     0     0     0     0     0


i =

    48


ans =

     4    21    21     8    13     6


ystar_i =

    25    25    25    25    25    11


i =

    55


ans =

     4    21    21     8    13     6


ystar_i =

    12     4    12     4    21    21


i =

    68


ans =

    20    25    25    11     4    12     4    13    19


ystar_i =

     8    13    21     8    13     6    21     8    13


i =

    12


ans =

    14    12    12     0    13     3     8    13     6


ystar_i =

    11     4    13    19    20    25    11     4    13


i =

    71


ans =

    20    25    25    11     4    12     4    13    19


ystar_i =

    14    12    12     0    13     6    12    12    12


i =

    57


ans =

     4    21    21     8    13     6


ystar_i =

    13    19     4    12     4    12


i =

    43


ans =

     4    21    21     8    13     6


ystar_i =

    13     6     4    21    21    21


i =

    65


ans =

     4    21    21     8    13     6


ystar_i =

    21     8    13     6    20    25

10,
i =

     8


ans =

    14    12    12     0    13     3     8    13     6


ystar_i =

     4    21    21    21    21    21    21    21     8


i =

    33


ans =

     4    21    21     8    13     6


ystar_i =

     3     8    13     3     8    13


i =

    72


ans =

    20    25    25    11     4    12     4    13    19


ystar_i =

     4    21     8    13     6    13     6     4    21


i =

    11


ans =

    14    12    12     0    13     3     8    13     6


ystar_i =

    20    25    11     4    20    25    11     4    13


i =

    40


ans =

     4    21    21     8    13     6


ystar_i =

     8    13     6    14    12     0


i =

    70


ans =

    20    25    25    11     4    12     4    13    19


ystar_i =

     4    21     8    13     3     4    21     8    13


i =

    61


ans =

     4    21    21     8    13     6


ystar_i =

    12     4    12     4    12     4


i =

     3


ans =

    14    12    12     0    13     3     8    13     6


ystar_i =

    13     6     0    13     6     0    13     6     8


i =

    29


ans =

     4    21    21     8    13     6


ystar_i =

     3     8    13     3     8    13


i =

    28


ans =

     4    21    21     8    13     6


ystar_i =

    13    19    13    19    14    12

20,
i =

    49


ans =

     4    21    21     8    13     6


ystar_i =

    21     8     4    21     8    13


i =

    63


ans =

     4    21    21     8    13     6


ystar_i =

    13     6    11     4    21    21


i =

     7


ans =

    14    12    12     0    13     3     8    13     6


ystar_i =

    21     8    13     6    21     8    13     6    25


i =

    56


ans =

     4    21    21     8    13     6


ystar_i =

    14    12    12    12    12     0


i =

    45


ans =

     4    21    21     8    13     6


ystar_i =

    13     6     4    21    21    21


i =

    51


ans =

     4    21    21     8    13     6


ystar_i =

    21     8    13     6     8    13


i =

    59


ans =

     4    21    21     8    13     6


ystar_i =

     8    13     4    21    21     8


i =

    64


ans =

     4    21    21     8    13     6


ystar_i =

    13     6     4    21    21     8


i =

    53


ans =

     4    21    21     8    13     6


ystar_i =

    21     8    13     6     8    13


i =

    50


ans =

     4    21    21     8    13     6


ystar_i =

     8    13     4    21    21    21

30,
i =

    37


ans =

     4    21    21     8    13     6


ystar_i =

    13     6     1     4    21     8


i =

    25


ans =

     4    21    21     8    13     6


ystar_i =

    21     8    13     6    21     8


i =

    47


ans =

     4    21    21     8    13     6


ystar_i =

    21     8     4    21    21    21


i =

    13


ans =

    14    12    12     0    13     3     8    13     6


ystar_i =

     4    21    21    21    21     8    13     6    19


i =

    62


ans =

     4    21    21     8    13     6


ystar_i =

     8    13     6    13     6     2


i =

     6


ans =

    14    12    12     0    13     3     8    13     6


ystar_i =

     4    21     4    21     8    13     6     4    21


i =

    15


ans =

    14    12    12     0    13     3     8    13     6


ystar_i =

    12     0    13     3     8    13     3     8    13


i =

    46


ans =

     4    21    21     8    13     6


ystar_i =

     0    13     6    14    12     0


i =

    38


ans =

     4    21    21     8    13     6


ystar_i =

     8    13     6     3     8    13


i =

    10


ans =

    14    12    12     0    13     3     8    13     6


ystar_i =

     4    21    21    21    21     8    13     6     5

40,
i =

    44


ans =

     4    21    21     8    13     6


ystar_i =

    12     0    13     6    12     0


i =

     9


ans =

    14    12    12     0    13     3     8    13     6


ystar_i =

    21     8    13     6     7     4    21     8    13


i =

    73


ans =

    20    25    25    11     4    12     4    13    19


ystar_i =

     0    13     3     8    13     6    14    12    12


i =

    54


ans =

     4    21    21     8    13     6


ystar_i =

    14    12    12    12    12    12


i =

     2


ans =

    14    12    12     0    13     3     8    13     6


ystar_i =

     4    21     8    13     3     8    13     6     9


i =

     4


ans =

    14    12    12     0    13     3     8    13     6


ystar_i =

     0    13     6    12     0    13     6    12     0


i =

    16


ans =

    14    12    12     0    13     3     8    13     6


ystar_i =

    13     3     8    13     3     8    13     3     8


i =

    14


ans =

    14    12    12     0    13     3     8    13     6


ystar_i =

    12     0    13     6    10    14    12     0    13


i =

    35


ans =

     4    21    21     8    13     6


ystar_i =

    14    12     0    14    12    12


i =

    67


ans =

    20    25    25    11     4    12     4    13    19


ystar_i =

     4    21    21     8    13     6    13     6    15

50,
i =

    20


ans =

    14    12    12     0    13     3     8    13     6


ystar_i =

    11     4    13     3     8    13     3     8    13


i =

    66


ans =

     4    21    21     8    13     6


ystar_i =

    14    12     0    13     6    16


i =

     5


ans =

    14    12    12     0    13     3     8    13     6


ystar_i =

     4    21    21    21    21    21    21    21    21


i =

    17

{??? Operation terminated by user during ==> kernel_inner_prod at 20

In ==> chain_oracle at 20
		theta_unary(j,i) = kernel_inner_prod( param, model, xi.data(:,i), j-1, ins_id, i );

In ==> solverSSG at 245
        ystar_i = maxOracle(param, model, patterns{i}, labels{i}, i);

In ==> ocr at 41
[model, progress] = solverSSG(param, options);
} 
diary('log'); diary on; 
diary('log'); diary on; ocr;
Loading already built ocr.mat file...
successfully loaded ocr2 dataset.

numNodes =

   528

running SSG on 73 examples. The options are as follows:

options = 

               num_passes: 1
    do_weighted_averaging: 1
              time_budget: Inf
                    debug: 1
                rand_seed: 1
                   sample: 'perm'
         debug_multiplier: 100
                   lambda: 13.6986
                test_data: []
            gap_threshold: 0.1000
           do_line_search: 1


i =

    69


